0 23
0 35
0 8
0 22
0 42
0 7
0 50
0 40
0 52
0 24
0 20
0 31
0 7
0 22
0 38
0 39
0 22
0 50
0 55
0 5
0 54
0 14
0 7
0 5
0 1
0 12
0 7
0 14
0 49
0 7
0 24
0 18
0 23
0 34
0 38
0 46
0 35
0 22
0 43
0 6
0 14
0 4
0 5
0 20
0 27
0 26
0 31
0 45
0 33
0 33
0 43
0 0
0 0
1 11
1 14
1 4
1 19
1 19
1 1
1 1
2 12
2 17
2 13
2 43
2 27
2 31
2 25
2 17
2 27
2 20
2 31
2 46
2 14
2 14
2 4
2 46
2 45
2 26
2 17
2 25
2 41
2 36
2 39
2 53
2 2
2 2
3 49
3 24
3 50
3 7
3 19
3 7
3 55
3 50
3 21
3 43
3 40
3 55
3 27
3 27
3 45
3 7
3 31
3 3
3 3
4 38
4 53
4 21
4 14
4 27
4 45
4 23
4 38
4 35
4 14
4 27
4 54
4 14
4 27
4 53
4 0
4 43
4 38
4 27
4 7
4 40
4 14
4 6
4 14
4 43
4 6
4 0
4 14
4 5
4 20
4 27
4 26
4 31
4 45
4 33
4 33
4 21
4 6
4 4
4 4
5 23
5 38
5 53
5 4
5 23
5 38
5 49
5 38
5 40
5 13
5 4
5 2
5 41
5 54
5 4
5 37
5 4
5 6
5 43
5 6
5 0
5 14
5 4
5 20
5 27
5 26
5 31
5 45
5 33
5 33
5 14
5 4
5 5
5 5
6 43
6 8
6 33
6 14
6 4
6 20
6 5
6 43
6 23
6 38
6 0
6 14
6 4
6 5
6 20
6 27
6 26
6 31
6 45
6 14
6 4
6 5
6 20
6 27
6 45
6 14
6 55
6 6
6 6
7 19
7 55
7 50
7 3
7 21
7 43
7 50
7 22
7 0
7 19
7 40
7 20
7 5
7 31
7 20
7 5
7 31
7 14
7 54
7 14
7 38
7 4
7 43
7 21
7 53
7 21
7 14
7 43
7 21
7 43
7 3
7 55
7 22
7 4
7 3
7 27
7 45
7 27
7 9
7 0
7 12
7 3
7 43
7 7
7 7
8 11
8 13
8 10
8 24
8 11
8 9
8 13
8 40
8 9
8 11
8 16
8 40
8 54
8 30
8 16
8 7
8 43
8 33
8 0
8 22
8 14
8 4
8 5
8 20
8 27
8 31
8 46
8 26
8 45
8 11
8 11
8 52
8 13
8 0
8 20
8 43
8 7
8 35
8 22
8 22
8 7
8 7
8 11
8 12
8 24
8 9
8 8
8 8
9 48
9 48
9 24
9 10
9 8
9 12
9 55
9 40
9 43
9 9
9 9
10 9
10 8
10 40
10 10
10 10
11 14
11 50
11 24
11 8
11 43
11 50
11 7
11 16
11 48
11 7
11 24
11 50
11 43
11 43
11 23
11 17
11 13
11 13
11 50
11 7
11 1
11 46
11 40
11 16
11 0
11 31
11 14
11 5
11 40
11 9
11 40
11 40
11 0
11 14
11 40
11 11
11 11
12 8
12 43
12 9
12 48
12 8
12 43
12 9
12 43
12 43
12 48
12 9
12 40
12 15
12 48
12 38
12 9
12 55
12 40
12 43
12 12
12 12
13 12
13 11
13 23
13 43
13 29
13 0
13 52
13 50
13 20
13 14
13 52
13 52
13 14
13 4
13 27
13 45
13 43
13 14
13 14
13 45
13 31
13 20
13 14
13 31
13 27
13 45
13 26
13 45
13 27
13 31
13 43
13 14
13 4
13 5
13 27
13 26
13 45
13 43
13 14
13 4
13 5
13 27
13 45
13 52
13 13
13 13
14 23
14 53
14 53
14 40
14 21
14 0
14 4
14 27
14 26
14 45
14 23
14 43
14 0
14 40
14 54
14 7
14 23
14 7
14 42
14 53
14 52
14 41
14 51
14 10
14 41
14 50
14 38
14 4
14 27
14 26
14 45
14 54
14 0
14 54
14 0
14 17
14 21
14 49
14 52
14 41
14 20
14 53
14 41
14 41
14 10
14 54
14 27
14 45
14 40
14 7
14 45
14 27
14 26
14 45
14 4
14 4
14 38
14 4
14 6
14 52
14 21
14 6
14 4
14 4
14 45
14 43
14 6
14 0
14 4
14 5
14 20
14 27
14 26
14 31
14 45
14 33
14 33
14 14
14 14
15 16
15 49
15 28
15 40
15 10
15 5
15 38
15 34
15 9
15 15
15 15
16 8
16 11
16 10
16 39
16 17
16 1
16 11
16 1
16 7
16 19
16 40
16 43
16 36
16 15
16 0
16 10
16 17
16 15
16 24
16 36
16 16
16 16
17 12
17 7
17 25
17 2
17 25
17 2
17 27
17 25
17 53
17 39
17 25
17 2
17 35
17 39
17 37
17 41
17 10
17 36
17 53
17 7
17 14
17 24
17 43
17 53
17 25
17 41
17 36
17 39
17 2
17 53
17 17
17 17
18 12
18 22
18 7
18 50
18 39
18 53
18 46
18 14
18 4
18 0
18 14
18 4
18 27
18 26
18 45
18 31
18 27
18 26
18 45
18 6
18 23
18 34
18 38
18 46
18 0
18 35
18 22
18 18
18 18
19 7
19 55
19 50
19 3
19 21
19 16
19 3
19 46
19 50
19 0
19 7
19 21
19 19
19 19
20 23
20 38
20 53
20 51
20 53
20 14
20 23
20 43
20 38
20 0
20 7
20 22
20 7
20 14
20 2
20 17
20 52
20 41
20 38
20 14
20 14
20 4
20 14
20 33
20 43
20 6
20 0
20 14
20 4
20 5
20 27
20 26
20 31
20 45
20 33
20 33
20 20
20 20
21 4
21 14
21 40
21 7
21 7
21 43
21 14
21 4
21 20
21 27
21 42
21 40
21 30
21 50
21 40
21 42
21 54
21 19
21 14
21 4
21 27
21 4
21 4
21 27
21 19
21 23
21 24
21 31
21 14
21 4
21 20
21 27
21 20
21 21
21 21
22 12
22 43
22 8
22 35
22 7
22 5
22 20
22 20
22 29
22 31
22 39
22 0
22 0
22 27
22 45
22 14
22 0
22 0
22 55
22 26
22 14
22 20
22 35
22 18
22 23
22 34
22 38
22 46
22 0
22 35
22 22
22 22
23 34
23 18
23 38
23 12
23 8
23 52
23 38
23 11
23 52
23 22
23 52
23 20
23 14
23 0
23 40
23 5
23 14
23 38
23 4
23 14
23 4
23 45
23 27
23 26
23 38
23 18
23 34
23 38
23 46
23 0
23 35
23 22
23 23
23 23
24 8
24 48
24 9
24 17
24 55
24 3
24 7
24 13
24 13
24 52
24 0
24 43
24 7
24 11
25 17
25 55
25 50
25 43
25 14
25 4
25 27
25 45
25 14
25 27
25 43
25 14
25 4
25 27
25 14
25 43
25 54
25 54
25 4
25 54
25 54
25 27
25 14
25 4
25 17
25 41
25 36
25 39
25 2
25 53
25 25
25 25
26 27
26 38
26 23
26 53
26 27
26 14
26 45
26 46
26 22
26 18
26 43
26 23
26 38
26 27
26 45
26 46
26 53
26 39
26 52
26 52
26 45
26 39
26 50
26 11
26 14
26 27
26 27
26 45
26 27
26 27
26 43
26 6
26 0
26 14
26 4
26 5
26 20
26 27
26 31
26 45
26 33
26 33
26 26
26 26
27 26
27 23
27 53
27 53
27 4
27 26
27 45
27 43
27 38
27 7
27 14
27 4
27 35
27 7
27 55
27 19
27 30
27 41
27 4
27 2
27 50
27 39
27 6
27 15
27 43
27 40
27 9
27 43
27 6
27 0
27 14
27 4
27 5
27 20
27 26
27 31
27 45
27 33
27 33
27 27
27 27
28 11
28 40
28 48
28 24
28 40
28 7
28 7
28 3
28 53
28 54
28 30
28 54
28 54
28 54
28 40
28 30
28 40
28 30
28 54
29 11
29 14
29 38
29 37
29 26
29 41
29 38
29 43
29 4
29 21
29 14
29 52
29 38
29 17
29 14
29 31
29 14
29 13
29 4
29 27
29 27
29 26
29 31
30 43
30 14
30 0
30 40
30 28
30 42
30 40
30 48
30 50
30 54
30 0
30 14
30 42
30 7
30 12
30 52
30 14
30 54
30 43
30 21
30 14
30 4
30 20
30 27
30 14
30 4
30 18
30 7
30 14
30 42
30 45
30 40
30 14
30 43
30 4
30 31
30 0
30 45
30 20
30 54
30 40
30 40
30 54
30 30
30 30
31 53
31 26
31 45
31 8
31 43
31 22
31 20
31 12
31 7
31 50
31 45
31 26
31 46
31 20
31 14
31 17
31 50
31 41
31 41
31 14
31 3
31 43
31 6
31 0
31 14
31 4
31 5
31 20
31 27
31 26
31 45
31 33
31 33
31 31
31 31
33 43
33 0
33 14
33 4
33 5
33 20
33 27
33 26
33 31
33 45
33 47
33 6
33 33
33 33
34 23
34 18
34 23
34 38
34 43
34 31
34 18
34 23
34 38
34 46
34 0
34 35
34 22
34 34
34 34
35 43
35 0
35 49
35 22
35 0
35 36
35 14
35 18
35 23
35 34
35 38
35 46
35 0
35 22
35 0
35 24
35 35
35 35
36 10
36 48
36 9
36 43
36 11
36 16
36 40
36 17
36 16
36 41
36 16
36 35
36 17
36 25
36 41
36 39
36 2
36 53
36 36
36 36
37 38
37 39
37 15
37 27
37 45
37 27
37 4
37 14
37 52
37 37
37 37
38 23
38 34
38 18
38 23
38 39
38 17
38 23
38 27
38 4
38 45
38 31
38 17
38 25
38 41
38 52
38 39
38 41
38 31
38 31
38 4
38 4
38 20
38 5
38 45
38 27
38 45
38 27
38 4
38 26
38 18
38 45
38 26
38 13
38 17
38 54
38 14
38 17
38 27
38 18
38 23
38 34
38 46
38 0
38 35
38 22
38 48
38 12
38 38
38 38
39 12
39 52
39 37
39 36
39 38
39 15
39 38
39 43
39 40
39 4
39 48
39 38
39 12
39 17
39 25
39 41
39 36
39 2
39 53
39 39
39 39
40 9
40 11
40 11
40 30
40 30
40 0
40 55
40 54
40 54
40 0
40 14
40 30
40 30
40 30
40 30
40 28
40 28
40 30
40 30
40 49
40 30
40 54
40 15
40 12
40 9
40 55
40 43
40 40
40 40
41 12
41 43
41 10
41 36
41 38
41 37
41 17
41 12
41 10
41 36
41 17
41 43
41 51
41 53
41 52
41 36
41 14
41 4
41 0
41 14
41 17
41 21
41 27
41 4
41 14
41 52
41 27
41 26
41 14
41 4
41 4
41 17
41 21
41 27
41 5
41 52
41 52
41 20
41 14
41 4
41 27
41 38
41 17
41 43
41 17
41 25
41 36
41 39
41 2
41 53
41 41
41 41
42 11
42 40
42 49
42 40
42 43
42 43
42 24
42 30
42 21
42 22
42 14
42 55
42 0
42 27
42 4
42 49
42 42
42 42
43 50
43 14
43 24
43 8
43 44
43 23
43 14
43 11
43 11
43 8
43 13
43 0
43 22
43 22
43 7
43 7
43 5
43 35
43 31
43 38
43 14
43 54
43 34
43 31
43 53
43 4
43 27
43 45
43 45
43 31
43 14
43 52
43 53
43 27
43 13
43 17
43 53
43 0
43 53
43 4
43 27
43 27
43 53
43 31
43 45
43 26
43 26
43 14
43 27
43 50
43 11
43 14
43 7
43 4
43 20
43 7
43 7
43 55
43 3
43 46
43 46
43 5
43 20
43 14
43 14
43 27
43 26
43 4
43 45
43 45
43 46
43 23
43 38
43 34
43 0
43 6
43 12
43 18
43 23
43 34
43 38
43 46
43 0
43 35
43 22
43 6
43 0
43 14
43 4
43 5
43 20
43 27
43 26
43 31
43 45
43 33
43 33
43 43
43 43
44 8
44 11
44 11
44 44
44 44
45 38
45 23
45 53
45 40
45 14
45 4
45 27
45 31
45 26
45 22
45 4
45 27
45 38
45 23
45 40
45 54
45 14
45 38
45 34
45 31
45 14
45 23
45 14
45 53
45 41
45 39
45 53
45 38
45 14
45 27
45 14
45 4
45 27
45 38
45 39
45 25
45 14
45 3
45 55
45 17
45 14
45 26
45 14
45 4
45 4
45 14
45 46
45 27
45 43
45 27
45 6
45 33
45 43
45 6
45 0
45 14
45 4
45 5
45 20
45 27
45 26
45 31
45 33
45 33
45 45
45 45
46 43
46 7
46 40
46 18
46 45
46 54
46 40
46 26
46 45
46 31
46 27
46 23
46 3
46 26
46 15
46 26
46 45
46 54
46 40
46 31
46 45
46 45
46 45
46 18
46 23
46 34
46 38
46 0
46 35
46 22
46 46
46 46
47 43
47 27
47 17
47 14
47 43
48 40
48 16
48 9
48 12
48 11
48 11
48 16
48 22
48 7
48 0
48 0
48 9
48 40
48 26
48 27
48 7
48 40
48 10
48 16
48 13
48 30
48 7
48 48
48 48
49 42
49 22
49 48
49 7
49 19
49 50
49 42
49 40
49 24
49 26
49 14
49 4
49 25
49 14
49 4
49 14
49 49
49 49
50 14
50 19
50 7
50 55
50 3
50 21
50 11
50 43
50 7
50 19
50 11
50 27
50 38
50 14
50 0
50 27
50 11
50 7
50 42
50 22
50 7
50 3
50 43
50 50
50 50
51 43
51 21
51 7
51 27
51 14
51 41
51 45
51 31
51 0
51 17
51 6
51 53
51 51
51 51
52 43
52 43
52 38
52 39
52 37
52 7
52 23
52 34
52 22
52 17
52 39
52 43
52 20
52 14
52 31
52 43
52 14
52 4
52 7
52 14
52 4
52 20
52 14
52 38
52 4
52 39
52 0
52 7
52 37
52 52
52 52
53 51
53 43
53 11
53 43
53 14
53 52
53 7
53 14
53 17
53 24
53 43
53 10
53 39
53 36
53 39
53 17
53 7
53 14
53 43
53 14
53 27
53 4
53 4
53 45
53 4
53 18
53 51
53 26
53 45
53 27
53 17
53 25
53 41
53 36
53 39
53 2
53 53
53 53
54 43
54 14
54 0
54 40
54 49
54 14
54 30
54 42
54 14
54 14
54 22
54 30
54 14
54 21
54 0
54 14
54 22
54 14
54 30
54 21
54 7
54 40
54 30
54 40
54 30
54 54
54 54
55 19
55 7
55 50
55 3
55 21
55 40
55 30
55 7
55 24
55 12
55 9
55 40
55 43
55 55
55 55
